0.0 0.0
0.005 0.0024151534037559126
0.01 0.01694035501321739
0.015000000000000001 0.03799985366165035
0.02 0.06908301336465553
0.025 0.10274175556838357
0.030000000000000002 0.1411098886396194
0.035 0.17554543725504823
0.04 0.2066901660399257
0.045 0.22489622373631202
0.05 0.2290873823673195
0.05500000000000001 0.2091075143258373
0.060000000000000005 0.1611613144673155
0.065 0.09776667498410783
0.07 0.0857917072917911
0.07500000000000001 0.12616993709795937
0.08 0.20421613019967352
0.08500000000000002 0.2950753605343133
0.09 0.3827585549208705
0.09500000000000001 0.4481246439030627
0.1 0.48166726957783434
0.10500000000000001 0.47483353690787955
0.11000000000000001 0.43213639974032575
0.115 0.3590729849403993
0.12000000000000001 0.286291027500735
0.12500000000000003 0.24215706379630914
0.13 0.23717843845984166
0.135 0.27672474326729185
0.14 0.36678179651035886
0.14500000000000002 0.485710375718256
0.15000000000000002 0.6067014207433986
0.155 0.6949060044642192
0.16 0.7246200340970977
0.165 0.6904412762214424
0.17000000000000004 0.5972217878501993
0.175 0.481524875925964
0.18 0.3906386920286589
0.18500000000000003 0.35997072739527824
0.19000000000000003 0.4010900722978095
0.19500000000000003 0.4735676683240827
0.2 0.571273564285022
0.20500000000000002 0.6826905147655328
0.21000000000000002 0.7913277155329845
0.21500000000000002 0.8728853476845796
0.22000000000000003 0.8920784322616034
0.22500000000000003 0.8484381645461837
0.23 0.7381262536428175
0.23500000000000001 0.6108380790142067
0.24000000000000002 0.5268991836400593
0.24500000000000002 0.5007793744986945
0.25000000000000006 0.5383549382485812
0.255 0.6356669002305959
0.26 0.7624614320673868
0.265 0.8820791826106661
0.27 0.961302542336052
0.275 1.0008749843440838
0.28 0.9978708077885137
0.28500000000000003 0.941586989191849
0.29000000000000004 0.8349571297914146
0.29500000000000004 0.7272767665867155
0.30000000000000004 0.6595372227045587
0.30500000000000005 0.643912578900644
0.31 0.6919713376402516
0.315 0.7917046878551701
0.32 0.917724278189706
0.325 1.039020394184584
0.33 1.0956766248112566
0.335 1.0900828777012685
0.3400000000000001 1.0458339398291325
0.34500000000000003 0.983307908917141
0.35 0.8837524632416508
0.35500000000000004 0.8089450406859952
0.36 0.7904631607014673
0.36500000000000005 0.8055125218029454
0.37000000000000005 0.8581533309073515
0.375 0.9396766730083774
0.38000000000000006 1.0273706683536037
0.385 1.0998958964679346
0.39000000000000007 1.1440806251841014
0.395 1.1406575312539118
0.4 1.0746943110533282
0.405 1.000776301841004
0.41000000000000003 0.9211069705248673
0.41500000000000004 0.8734294057094261
0.42000000000000004 0.8950002715434462
0.42500000000000004 0.9385780743130465
0.43000000000000005 0.9945717997276442
0.435 1.0605008389722252
0.44000000000000006 1.10717678824504
0.445 1.1339887102079902
0.45000000000000007 1.1285903663475403
0.455 1.1020036815763827
0.46 1.0540269048132562
0.4650000000000001 0.990838361831551
0.47000000000000003 0.9494582749583087
0.4750000000000001 0.9497157969951147
0.48000000000000004 0.9787439115052551
0.485 1.0367121831482577
0.49000000000000005 1.0841832867616998
0.49500000000000005 1.1212632099588573
0.5 1.1348402362718102
