0.0 0.0
0.005 0.002397005844814414
0.01 0.016921656395378425
0.015000000000000001 0.03796011992549441
0.02 0.0690408036183195
0.025 0.10268050415430664
0.030000000000000002 0.14104375144310521
0.035 0.17546163676098356
0.04 0.20660450664634494
0.045 0.22477497226248666
0.05 0.22903321948094627
0.05500000000000001 0.2088405153531174
0.060000000000000005 0.1681883513711492
0.065 0.1441777482424927
0.07 0.158272462421046
0.07500000000000001 0.18371893186570407
0.08 0.21704515888115972
0.08500000000000002 0.2482156127012507
0.09 0.29282429231434093
0.09500000000000001 0.34841163907643574
0.1 0.4110216059944562
0.10500000000000001 0.4569507010830729
0.11000000000000001 0.478872268047422
0.115 0.4650418725936075
0.12000000000000001 0.42609138638958294
0.12500000000000003 0.3722665700123032
0.13 0.331628020732956
0.135 0.30524748233140286
0.14 0.3148317648871814
0.14500000000000002 0.36774937807402525
0.15000000000000002 0.4581369919565864
0.155 0.5546206250241202
0.16 0.6362826600861569
0.165 0.6823713880508431
0.17000000000000004 0.6880364916374895
0.175 0.6632520514987386
0.18 0.6114810757207784
0.18500000000000003 0.5405178767650163
0.19000000000000003 0.48092361089727403
0.19500000000000003 0.4527954550838709
0.2 0.4921574844173291
0.20500000000000002 0.5648974252668363
0.21000000000000002 0.6522865988007631
0.21500000000000002 0.7277585617260184
0.22000000000000003 0.7807291021261568
0.22500000000000003 0.798855777758856
0.23 0.8057413453749291
0.23500000000000001 0.8054551460711341
0.24000000000000002 0.7884702938091002
0.24500000000000002 0.7330806267726708
0.25000000000000006 0.6668530149585221
0.255 0.6637212116560611
0.26 0.6934852801945757
0.265 0.7315598266849329
0.27 0.7750082123394333
0.275 0.8074638208180475
0.28 0.849236536648079
0.28500000000000003 0.900726078774429
0.29000000000000004 0.9347566757295899
0.29500000000000004 0.944600014911569
0.30000000000000004 0.9296321996422555
0.30500000000000005 0.8899999048904206
0.31 0.8430361549730225
0.315 0.8285101895532467
0.32 0.8377901364355534
0.325 0.860223989389893
0.33 0.8930920355484248
0.335 0.9275451631657009
0.3400000000000001 0.961742495250818
0.34500000000000003 0.9875747998092784
0.35 0.9955858154195293
0.35500000000000004 0.9928192882506944
0.36 0.9726798757138093
0.36500000000000005 0.9595594531413365
0.37000000000000005 0.9663579253536622
0.375 0.9777197696974607
0.38000000000000006 0.9956984398332066
0.385 1.0238631919661128
0.39000000000000007 1.0378949268583921
0.395 1.0313000849819842
0.4 1.005216359108997
0.405 0.9872250056015981
0.41000000000000003 0.9966117924469636
0.41500000000000004 1.010483709931772
0.42000000000000004 1.0304285837070826
0.42500000000000004 1.0556233140307691
0.43000000000000005 1.0666894726714897
0.435 1.0679723666771268
0.44000000000000006 1.0660552945253141
0.445 1.0717115214051411
0.45000000000000007 1.0690035163389582
0.455 1.0593016340582557
0.46 1.0491964106446026
0.4650000000000001 1.0514035719543264
0.47000000000000003 1.052207730377008
0.4750000000000001 1.0594235691285354
0.48000000000000004 1.0704258832330475
0.485 1.0725528981830375
0.49000000000000005 1.0788497828397614
0.49500000000000005 1.0858495808280866
0.5 1.0832106893401017
