0.0 0.0
0.016129032258064516 0.005524240838936686
0.03225806451612903 0.02339706662022504
0.04838709677419355 0.052019599929639615
0.06451612903225806 0.08863829780899907
0.08064516129032259 0.13023660627910455
0.0967741935483871 0.17205579427123557
0.11290322580645161 0.20883930062232875
0.12903225806451613 0.23489152888882958
0.14516129032258066 0.2429642939050194
0.16129032258064518 0.22584923721389014
0.1774193548387097 0.17579076282388362
0.1935483870967742 0.1364936945388135
0.20967741935483872 0.14563534391299665
0.22580645161290322 0.1659287114504333
0.24193548387096775 0.23163802420972687
0.25806451612903225 0.30862410334169565
0.27419354838709675 0.37627494923704824
0.2903225806451613 0.4200793343230016
0.3064516129032258 0.42767555255439627
0.32258064516129037 0.39336928140225746
0.33870967741935487 0.38112846600267825
0.3548387096774194 0.3555558493426911
0.3709677419354839 0.3143145051608997
0.3870967741935484 0.2707087212851065
0.40322580645161293 0.2852243875391838
0.41935483870967744 0.33618837866219214
0.43548387096774194 0.3899272521897124
0.45161290322580644 0.43124652072356295
0.467741935483871 0.4517390053998971
0.4838709677419355 0.4462705616423317
0.5 0.4136400208574545

0.3870967741935484 0.2707087212851065
0.1935483870967742 0.1364936945388135
0.06451612903225806 0.08863829780899907
0.25806451612903225 0.30862410334169565
0.0 0.0
0.12903225806451613 0.23489152888882958
0.45161290322580644 0.43124652072356295
0.32258064516129037 0.39336928140225746
0.08064516129032259 0.13023660627910455
0.016129032258064516 0.005524240838936686
0.14516129032258066 0.2429642939050194
0.467741935483871 0.4517390053998971
0.33870967741935487 0.38112846600267825
0.20967741935483872 0.14563534391299665
0.40322580645161293 0.2852243875391838
0.27419354838709675 0.37627494923704824
0.22580645161290322 0.1659287114504333
0.3548387096774194 0.3555558493426911
0.03225806451612903 0.02339706662022504
0.16129032258064518 0.22584923721389014
0.0967741935483871 0.17205579427123557
0.2903225806451613 0.4200793343230016
0.41935483870967744 0.33618837866219214
0.4838709677419355 0.4462705616423317
0.04838709677419355 0.052019599929639615
0.1774193548387097 0.17579076282388362
0.11290322580645161 0.20883930062232875
0.3709677419354839 0.3143145051608997
0.24193548387096775 0.23163802420972687
0.3064516129032258 0.42767555255439627
0.43548387096774194 0.3899272521897124
0.5 0.4136400208574545
