566.1937413316591	388.89569603179854
283.5488088723825	231.33848201645634
402.05483335771373	168.81694313501688
776.8039105936898	88.18202841595851
61.980997370202076	243.97913409902722
710.6361451397289	464.24570903908807
185.57854467226807	460.56067775527276
375.9599410607965	415.0904923951504
882.5466724399154	421.06968242042655
691.4515677051334	231.3501160983187
644.798829017573	364.31974650441197
20.68327079424975	50.808354496588656
296.9546782113612	33.84312419361413
490.84878815351703	41.23744579113692
150.02417481127569	311.6292144941625
787.598234024625	322.4250826032392
433.09186198761927	296.16608034482
179.3525165694653	199.5339568432648
542.2216180342672	212.54779222766788
209.17141011831208	91.82167726679764
598.1728834000726	32.59032023512398
907.2979367291122	118.66376369726322
42.73869522617204	451.8755466275346
128.24275716085094	46.61809391584504
893.5023452434548	252.77829014426817
54.46825202049972	146.9433103523249
860.0349414586976	19.349509943149823
643.3456111145309	129.22326745582524
577.3894727448135	280.8764253099079
270.4122284293355	313.88152481549446
273.11070348874773	423.1035255388579
120.43472336980962	390.303551872547
321.6024655721103	125.38084869161132
478.4200135226814	410.10731539741846
362.37448024240683	487.2613831598753
57.39090986439546	322.34886771816485
802.3907619754657	217.90683876385185
195.74064075656625	389.9959777128044
753.3597828782197	394.7973254312626
669.0282843870526	33.45081067141309
880.5128289225391	179.54225116737615
777.539869965404	461.9335183427859
559.641380575595	471.8173250839599
511.36673278284115	130.994437239107
861.5183602587085	317.64575926731175
349.2947400297073	282.4298937617967
939.3863466843792	342.23470327256797
721.6133971531706	321.29072777816333
749.010325757994	157.74193590837388
761.1349839133719	265.545981981387
952.7784416527276	179.8606627965868
113.37523778763881	479.83082286909735
388.54873183417766	82.46767610044564
434.4098131572273	460.83736981322454
513.0763353966568	334.1871749603451
842.9384082906117	90.1417957009028
560.7053399785998	87.89155730627213
733.0733616441647	37.653207015636184
221.63073312774	16.6714444723261
255.36326545377472	157.87901514079707
614.708036736388	184.88016541986096
214.33712898291617	324.9336999599222
917.0628206670217	499.14998118628745
632.4054420234801	485.08448363819133
648.024464839835	422.40566133131097
696.0051337719651	86.7698849497322
463.4862041831344	226.34172974855983
218.90645078248025	253.55259133714287
313.44409260476135	351.39062968712955
17.542479314625723	385.51844687402564
87.04103351019552	95.12272684097545
909.316016325695	62.19129581546889
130.26716097921587	243.14098459519334
144.30529859500166	113.54968053153341
412.97354651487944	17.269515853031326
116.68432544225205	168.04083339876448
954.9569778964449	233.33499253949185
571.8552664147956	334.52132906841547
627.3788354805446	245.19279206529922
6.269920229539778	297.1119091498948
350.3882932306901	211.71240254588346
397.79730379534703	344.02570774050855
830.9879176774998	457.97966074765
462.670821131502	100.67031228933115
952.0900004384112	463.9477288387684
460.31318566160525	349.5240351436324
839.9999249917513	379.73749874698046
710.4339968920269	386.7364283859836
402.4555036736451	249.1112635490335
282.5576393740887	480.2563413111448
433.5222817152817	403.5937084359565
838.626128489588	264.40514340050044
564.403853803916	165.58103716032758
500.4390194507475	274.327516278952
800.4060273564834	27.383496432147435
666.5659450370187	296.61613942043283
825.9736366635309	146.55202182728982
368.58682576276414	135.9422950326802
735.51374202521	208.1299534355767
698.0003201563488	129.81831444728022
532.2559447972642	20.87528873924327
805.032910448841	415.1658163033964
492.77819535110945	179.07230890592902
8.182571949957094	115.55426842928185
306.6632696102728	182.28091812845716
513.7831075925611	85.64221880807877
656.0644782924097	196.8444835735344
225.05617031131465	199.50856351112634
636.9015854948825	85.56047823575713
111.42411223561503	346.33229437384756
600.6020148452425	427.6524124442095
67.852063863546	385.62859794679434
67.5422631341111	15.497553960643673
341.70669148885634	83.07995013034908
125.11936100237673	437.5628664421761
929.3711671269509	390.64721993990264
57.785517802722524	198.21282636777045
872.4071046401652	477.2962664122242
288.1332307233616	87.22531411853774
198.61891881618462	138.36053809109316
105.11109921381365	305.41417396011315
505.39810811504657	457.645302561975
717.3071509590699	266.89059654216254
596.7083632749784	104.97060073871684
358.34613166272317	356.1852724774397
365.26478828205876	40.41343606361358
175.62769548695496	244.9988718196447
451.1066065924479	49.17195089105697
323.4706854019622	403.8569855118864
255.90137729490164	374.3145021597169
161.09091031772724	11.281358000773844
226.67471050902552	476.08114327710257
448.3958407458189	144.24039453715287
22.331291918323046	6.819874064973308
159.32263246213745	413.3699862862386
517.5456588879345	403.81009347451356
157.59631449100647	154.30654498661195
786.1181718036981	172.64446646330222
893.4655543920125	345.0127131432709
918.202665848687	292.8674483122962
824.2666560397731	326.7816068545971
85.9146064385147	434.86992739817543
259.89475186395396	272.4311794077096
623.8274085256121	299.7869863576471
684.0418159032691	338.57668585321045
299.38551368751774	277.9523449529174
686.5828425763087	434.492713814247
738.0146812878479	119.2878894033732
91.44879343652832	48.8347943899467
859.7383354119014	223.72281996357867
464.8715900945278	493.88652103345436
166.97620143784894	349.35261246413546
166.44300740835695	70.87676729496906
784.7748934556242	129.60355488774235
341.79850585140457	445.4964274172647
224.79264009626903	436.0383746095363
880.0213481147503	381.80107581622696
99.05386928573466	211.6069294916028
940.7480207506236	33.049984536278
604.5177470504536	379.4852676236318
429.6827143692227	204.97788365081638
747.4072211206944	355.7294691960602
25.484306462594866	261.0364847667837
14.973979158441004	345.4523854896026
918.348174626229	442.6890013007791
388.5099930957222	211.06811570238176
394.39278209842934	306.00812387385326
870.0472778668807	135.62104110115735
241.65197273991316	69.10886725556593
672.9116573004378	488.8785364427588
744.3618367964111	499.84543006807826
792.7425422608312	368.78897528122366
140.79285886356053	201.93604031536398
540.0447483925125	247.96613142248563
348.48001048110183	169.42211807682
701.5673577762997	166.60605225942686
799.8767218246462	266.30217881032075
539.7689008711168	55.619700055082824
4.995923042997106	425.5114223407719
840.9465972706415	422.4873017262224
910.5020911262213	208.84048549305828
409.07265398005063	121.90998689606347
531.4551371377135	366.57676973851113
589.8948168368711	495.5747547369824
65.37172138419717	282.9997713084547
533.8972976649032	287.28826764142184
503.5978459490727	231.46233350594736
390.8863696441768	380.7797836593463
204.71885737100192	54.26373830270226
260.4451201836612	25.058764265550483
585.0629638147525	231.35067360411583
55.88040801455801	71.73966728635945
600.043194359532	459.34913245314357
814.7279090125758	63.042747567308986
607.3707511372916	336.5790017767937
248.93178409375992	123.29506014421405
724.0931515862057	429.18318754054377
78.76022451081603	470.1066750980211
181.54352737750952	293.5639994503356
548.4329251705205	423.6279465338748
470.65895882749743	454.05725136996466
556.3119639420064	125.05807405357095
399.87829426271315	457.6219787030607
327.07558630362377	8.483448349390466
602.3251968215897	138.77530456764003
863.8882737383256	61.939290471743455
940.3666111468956	90.93413119836752
146.99664455467612	278.1158387699922
438.3861540178625	261.1787838895851
829.7963017896087	486.38204808754114
305.95265758502853	314.8357242697294
287.9243557631244	123.98831832916429
55.90550034212587	102.00606039899507
772.9000972620697	429.36012953553376
145.36688682151646	467.0728132897319
99.19563767508542	263.97260993773267
496.9492237174401	491.7769519524499
493.6602411190998	368.0177766572449
22.95325909308172	149.54385570814304
682.6433788968476	262.21862234513156
768.4714668409022	226.03892777849032
731.9413608866851	80.1792443053757
583.913908059196	199.34506917282548
780.8234990814483	496.80610586092683
644.495656496121	451.6481767818169
633.1233710837377	17.39380299634957
426.6720959059185	78.50702429264584
214.1255665936148	292.7627916694107
925.5602348523776	151.7816186173584
344.134455889099	314.5156798958669
270.63720061278593	190.0572608761935
466.06920726367014	315.5831479296279
841.7538895763533	191.65469372064737
256.84821269939255	346.32273711577056
89.77306306509516	148.0995895790929
700.5099463509239	26.74243423678696
118.2524541290477	16.28219640767653
697.0470346098275	297.4595084614931
320.11545088431467	246.0360470931654
22.58722803048901	85.24307091499661
743.2470903969149	464.8268473520629
312.91467692434657	445.0847264164562
362.98097562444576	385.10862451652713
26.316620408906388	196.46764710222592
470.17765108344673	270.9786020510046
213.50879169185157	359.34706634629083
661.9622759645483	235.00994233407658
479.0420490996291	144.03765481038144
721.2422550333862	236.41978423260812
648.5801500524506	333.7741374699255
666.9658837026831	85.37728742542583
757.3702102354088	297.5943143680057
117.91132162163646	82.23396332944999
216.87307587249802	168.61484935727407
43.26535069046937	410.4703390548779
646.598016058025	160.82925200237287
