0.0463116778002294	0.0	0.9989270386266095
-0.05911568210977368	-0.05415480730332679	0.9967811158798283
0.009043739115803917	0.1030487426608945	0.9946351931330472
0.07443136852372978	-0.09708253987109056	0.9924892703862661
-0.1365171410924431	0.024147960041466104	0.990343347639485
0.1292512199923712	0.08221904624788894	0.9881974248927039
-0.04320866646949619	-0.16073408555031865	0.9860515021459227
-0.08235908253990354	0.15857740176464255	0.9839055793991416
0.17858960011956881	-0.06522063553026496	0.9817596566523605
-0.1856921014202592	-0.07665100008282288	0.9796137339055794
0.0894673319975686	0.191186491817975	0.9774678111587983
0.06607819981449062	-0.21066771345816848	0.9753218884120172
-0.19905225143860633	0.11535484839727035	0.973175965665236
0.2333839377091875	0.05130880401195893	0.971030042918455
-0.14235302873508704	-0.2024825347754938	0.9688841201716738
-0.032868919047494304	0.2536471797602298	0.9667381974248928
0.20167281115741814	-0.1699700587490952	0.9645922746781116
-0.27124012764794536	-0.011216630848875767	0.9624463519313304
0.1977406486913745	0.19677835643963662	0.9603004291845494
-0.013222372344896923	-0.2859459925625286	0.9581545064377682
-0.18794478219194738	0.22522066236465615	0.9560085836909871
0.2975619260229014	-0.0400365362884955	0.953862660944206
-0.2519851266781319	-0.17532468784475305	0.9517167381974249
0.06881896569565095	0.30590720227706336	0.9495708154506438
0.15908706025438646	-0.2776281324806467	0.9474248927038627
-0.3108285842976872	0.09916279615044418	0.9452789699570815
0.30176383075753904	0.1394225437522517	0.9431330472103004
-0.13065942407998504	-0.3122040142166079	0.9409871244635193
-0.11654617780769128	0.32402806421279134	0.9388412017167382
0.30994520330283803	-0.16289851228589125	0.9366952789699571
-0.3440803499664572	-0.09069847600598249	0.9345493562231759
0.1954691420633417	0.3039994272074394	0.9324034334763949
0.062145353430929154	-0.36160602702124245	0.9302575107296137
-0.29435069657062385	0.22796172415643193	0.9281115879828327
0.37631843983760654	0.031177213508366913	0.9259656652360515
-0.25997041580568303	-0.28102040191573013	0.9238197424892703
0.0018926041241476097	0.38796106512241485	0.9216738197424893
0.26406749338169155	-0.2910958700939618	0.9195278969957081
-0.3963095122427761	0.03672987651808479	0.9173819742489271
0.32094819181889306	0.2435882349354013	0.9152360515021459
-0.07298195062048006	-0.4011733436472832	0.9130901287553648
-0.2197155614530954	0.34915000443182304	0.9109442060085837
0.40239767319906455	-0.11028051933310488	0.9087982832618026
-0.3753395524431561	-0.19261806131386255	0.9066523605150214
0.14824465728272465	0.3998645090814335	0.9045064377682404
0.16249860461545088	-0.39917377723021624	0.9023605150214592
-0.39349381493544217	0.18648406222325536	0.9002145922746781
0.4203313138228763	0.12959263648960767	0.898068669527897
-0.224602453845464	-0.383244268746157	0.8959227467811159
-0.09416615548317399	0.438515363448781	0.8937768240343348
0.36911370409530203	-0.26220108565410366	0.8916309012875536
-0.45345640229742895	-0.05651339810871087	0.8894849785407726
0.29888232826037836	0.3511392229818298	0.8873390557939914
0.016954252154328307	-0.4649146916800451	0.8851931330472103
-0.3293969736308058	0.3342532844169161	0.8830472103004292
0.4726825588821127	-0.024168577016099632	0.880901287553648
-0.367929397712112	-0.3040015906576027	0.878755364806867
0.06649262127614804	0.4765864217609769	0.8766094420600858
0.2751052986846582	-0.39953801824834473	0.8744635193133047
-0.4764885336809562	0.10963889816564185	0.8723175965665236
0.4287218899909798	0.24289668405375553	0.8701716738197425
-0.1532153239654401	-0.47228842879789723	0.8680257510729614
-0.20759914265170118	0.45514252588403914	0.8658798283261803
0.4639240510618742	-0.19682026114934723	0.8637339055793991
-0.47848343834226886	-0.16946901507526516	0.8615879828326181
0.24004616885408997	0.45137255363378764	0.8594420600858369
0.12879342339990982	-0.49845319438485536	0.8572961373390557
-0.43465075872493825	0.2824833241496249	0.8551502145922747
0.5147882664962382	0.08588782667506538	0.8530042918454935
-0.32372358128454726	-0.4138152711717951	0.8508583690987125
-0.041093314938036564	0.5272556522928165	0.8487124463519313
0.3889622423468054	-0.3633641357366403	0.8465665236051503
-0.535655238243828	0.005226335995585819	0.8444206008583691
0.4010112598256292	0.36022678426941357	0.842274678111588
-0.05268782445870088	-0.5398218850352303	0.8401287553648069
-0.32778203700451886	0.43628397684838033	0.8379828326180258
0.539627214667246	-0.10089167105048372	0.8358369098712446
-0.46881764117672	-0.2918378956011945	0.8336909871244635
0.14942572664427176	0.5349810820262221	0.8315450643776824
0.25263940591270334	-0.4982673925132976	0.8293991416309012
-0.5258327164524641	0.1978688104631056	0.8272532188841202
0.5243114535263288	0.21046484162927995	0.825107296137339
-0.24579444714503043	-0.5121715217188433	0.822961373390558
-0.16562347772693836	0.5466542413720833	0.8208154506437768
0.4940275258191594	-0.2927746707382829	0.8186695278969958
-0.565029265155058	-0.11845307826659304	0.8165236051502146
0.33838386286641686	0.4714714750171154	0.8143776824034334
0.06931711904988398	-0.5792017831565112	0.8122317596566524
-0.44461456970434476	0.38220259188636324	0.8100858369098712
0.5889711956695073	0.018601768028053196	0.8079399141630901
-0.42382141973789283	-0.4136078427311676	0.805793991416309
0.03328735144858319	0.5941731514948115	0.8036480686695279
0.37864118398551255	-0.46284464334297	0.8015021459227468
-0.5946813485592046	0.08592858747623862	0.7993562231759657
0.4988939378625776	0.3399420180759945	0.7972103004291846
-0.138887847734289	-0.5904090116963235	0.7950643776824035
-0.2977736449972689	0.5316118698520059	0.7929184549356223
0.5813100333574539	-0.1917223186110678	0.7907725321888412
-0.5606652493615176	-0.25243325660124055	0.7886266094420601
0.24398428378003745	0.5673797658743787	0.7864806866952789
0.20424964453158254	-0.5857482913082855	0.7843347639484979
-0.5486554568525353	0.29522500972216337	0.7821888412017167
0.6065855579770909	0.15358061798914582	0.7800429184549356
-0.34499866499607873	-0.5252163223083903	0.7778969957081545
-0.10081015224928971	0.6229346562864784	0.7757510729613734
0.4971832552506228	-0.392866239653972	0.7736051502145923
-0.6345886654638301	-0.04634529123441863	0.7714592274678111
0.4383994310769011	0.46471817051914033	0.7693133047210301
-0.00938717036738771	-0.6413782729928341	0.7671673819742489
-0.4280229898083813	0.4811844626720299	0.7650214592274678
0.6431735991107572	-0.06594419797237254	0.7628755364806867
-0.5208258023263526	-0.3873382738890826	0.7607296137339056
0.12287019174737933	0.6398856927204368	0.7585836909871244
0.34294151207664636	-0.5569497482485758	0.7564377682403434
-0.6314676843218159	0.1797007943197791	0.7542918454935622
0.5892078508424375	0.29514508195297634	0.752145922746781
-0.23596679959300634	-0.6179155844367692	0.75
-0.24429389519982753	0.6172801405389875	0.747854077253219
0.5992687189747903	-0.29119812973457854	0.7457081545064378
-0.6408781330531504	-0.19076274813208957	0.7435622317596566
0.34492784670145316	0.5756097960420957	0.7414163090128756
0.13495339809257523	-0.6597475853182385	0.7392703862660944
-0.5470646018047398	0.39669616425368437	0.7371244635193133
0.6736709773677404	0.07729138927637799	0.7349785407725322
-0.44605442627505554	-0.5138013261543364	0.7328326180257511
-0.018222653764673642	0.6824696976658162	0.7306866952789699
0.47602952206511717	-0.492569017377928	0.7285407725321889
-0.6860059118160089	0.041790084454579726	0.7263948497854078
0.5358251722176504	0.433998705644756	0.7242489270386265
-0.10227107292739589	-0.6841840971807005	0.7221030042918455
-0.387996606949008	0.5754306506688451	0.7199570815450644
0.6769522287025417	-0.16273543055932063	0.7178111587982833
-0.6110192470284299	-0.33834708461601726	0.7156652360515021
0.22269315147957727	0.6643026041084389	0.7135193133047211
0.2854077202659862	-0.6422541026873034	0.7113733905579399
-0.6462722996744809	0.2816531795943904	0.7092274678111588
0.6688307932547385	0.22956711137183744	0.7070815450643777
-0.33912751975963357	-0.6229432508097205	0.7049356223175965
-0.1712418839183816	0.6904801629078468	0.7027896995708154
0.5944419548541079	-0.394635351060925	0.7006437768240343
-0.7069708807601185	-0.11087344861027128	0.6984978540772533
0.44770710753813053	0.5609387966544678	0.6963519313304721
0.0489245266345187	-0.7181116962840034	0.694206008583691
-0.5226470006534821	0.4978884918325869	0.6920600858369099
0.7237533732600597	-0.014124526977279386	0.6899141630901288
-0.5447443876600173	-0.47982121637952607	0.6877682403433476
0.0777795725333822	0.7237902843434948	0.6856223175965666
0.4327557473245951	-0.5878626377315296	0.6834763948497854
-0.7181616511142924	0.14153667599845146	0.6813304721030042
0.6268576547375961	0.381782436228626	0.6791845493562232
-0.20488620771724142	-0.7068524173871429	0.6770386266094421
-0.327268222713614	0.6613738342834701	0.6748927038626609
0.6898937465782298	-0.26731701578926054	0.6727467811158798
-0.6910887401960337	-0.26961239201655196	0.6706008583690988
0.32832063957533875	0.6673631370333573	0.6684549356223176
0.20924353622634753	-0.715716034407726	0.6663090128755365
-0.6393841523879885	0.38739552835018143	0.6641630901287554
0.7350081256467123	0.14661625191244648	0.6620171673819742
-0.4440512299280405	-0.6061257672323423	0.6598712446351931
-0.08220760033100004	0.7487585134037564	0.657725321888412
0.5678013315613611	-0.4978125142041364	0.6555793991416309
-0.7568038060940936	-0.016513358472310224	0.6534334763948497
0.5482233969523467	0.5246671606810777	0.6512875536480687
-0.0499559089275817	-0.7590253949599022	0.6491416309012876
-0.47702076038426033	0.5948510299159538	0.6469957081545064
0.7553507680503648	-0.11667892468365693	0.6448497854077253
-0.6372894242016147	-0.42519870028196993	0.6427038626609443
0.18312788868512328	0.7457544515446438	0.6405579399141631
0.36957415115052805	-0.6751629752420085	0.6384120171673819
-0.7302585687269105	0.24877274748589157	0.6362660944206009
0.7081297591119529	0.3105541050065399	0.6341201716738197
-0.3130855089986993	-0.7089330100567548	0.6319742489270386
-0.24857629932723707	0.73588457175956	0.6298283261802575
0.6818952109746772	-0.37554456682233467	0.6276824034334765
-0.7581616847307272	-0.18410586936968967	0.6255364806866952
0.435638998504663	0.6493095373188482	0.6233905579399142
0.11763175488960693	-0.7747372932067633	0.6212446351931331
-0.6113862814751915	0.4928728021216095	0.619098712446352
0.7854316346245762	0.04966288969525727	0.6169527896995708
-0.5467690359208668	-0.5683802756129567	0.6148068669527897
0.019275795621524122	0.7901107587849688	0.6126609442060086
0.5205891315484253	-0.5968738264376278	0.6105150214592274
-0.7886879331565938	0.08864752576911535	0.6083690987124464
0.642760211443737	0.4683511198950042	0.6062231759656652
-0.15790795424936852	-0.7811246700292518	0.6040772532188841
-0.4120427041862033	0.6840317853163002	0.601931330472103
0.7674313652343175	-0.22650952371668803	0.599785407725322
-0.7203261159156122	-0.35207574856060825	0.5976394849785407
0.29390587781193916	0.7476675413097207	0.5954935622317596
0.2888944203579635	-0.751317903822104	0.5933476394849786
-0.7219416912139083	0.35955628851823745	0.5912017167381974
0.7767218567862402	0.22297181157195076	0.5890557939914163
-0.422930062814611	-0.6904107219642774	0.5869098712446352
-0.15480630550377397	0.7962952544838323	0.5847639484978541
0.653279000858471	-0.4835108924391258	0.5826180257510729
-0.8098401811134717	-0.08491771716122684	0.5804721030042919
0.5408011108941991	0.6107970102123597	0.5783261802575107
0.013843237911025185	-0.8172054060143068	0.5761802575107295
-0.5632596197817105	0.5943258224538743	0.5740343347639485
0.8182878952920449	-0.05786678338215938	0.5718884120171674
-0.6436368688448749	-0.5110039892051225	0.5697424892703863
0.12965318903728798	0.813033940400446	0.5675965665236051
0.4544071158830266	-0.6883166004733904	0.5654506437768241
-0.8014398927084339	0.2009524561700094	0.5633047210300429
0.7279814205435031	0.3938830466683592	0.5611587982832618
-0.2712011994441495	-0.7835524962658786	0.5590128755364807
-0.3298797745644535	0.7622850721508456	0.5568669527896996
0.7594688142370671	-0.33984069654687754	0.5547210300429184
-0.7909216404235029	-0.26287584428101707	0.5525751072961373
0.40632139965069536	0.7293357477748027	0.5504291845493563
0.1933766929633175	-0.8136282440068682	0.548283261802575
-0.6933491494301666	0.47010739610595487	0.546137339055794
0.8301873926270913	0.12191075467384285	0.5439914163090129
-0.5306807818807185	-0.6517525365111904	0.5418454935622318
-0.04902535923375634	0.8404289901078017	0.5396995708154507
0.604835413083344	-0.5875459118472068	0.5375536480686695
-0.8442319650276094	0.024717542176811033	0.5354077253218884
0.6402334918809187	0.5529312125285687	0.5332618025751071
-0.0987457907309383	-0.8415255141747662	0.5311158798283262
-0.49641487571012344	0.6883044789036689	0.5289699570815452
0.832289947053719	-0.1724815377962552	0.526824034334764
-0.7313537564393033	-0.4357000828122349	0.5246781115879828
0.24534583074546357	0.8165571229011728	0.5225321888412019
0.371236159804946	-0.7690135549608883	0.5203862660944207
-0.7944104749521345	0.3167632298945773	0.5182403433476394
0.8009565882732288	0.303504683203363	0.5160944206008583
-0.386166419344137	-0.7659846200312808	0.5139484978540773
-0.23301580932482022	0.8268988793789961	0.5118025751072961
0.731464554905122	-0.45300077441669445	0.5096566523605149
-0.8466022517033764	-0.1603043565774437	0.507510729613734
0.5167288486037813	0.6910844441896647	0.5053648068669527
0.08592567141596821	-0.8598764641834107	0.5032188841201717
-0.6451260079364464	0.5768347434616647	0.5010729613733905
0.8665809715410028	0.010451310460106177	0.4989270386266094
-0.6328283257136593	-0.5939165202952678	0.49678111587982837
0.06553542712363533	0.8666262940310292	0.4946351931330471
0.5378264338377794	-0.6842492569376603	0.49248927038626616
-0.8599749840659415	0.14144408155340632	0.490343347639485
0.730670802611382	0.4772666472103112	0.48819742489270396
-0.21668169220128813	-0.8466421803374069	0.48605150214592263
-0.4126854367278507	0.7717033889643896	0.48390557939914164
0.8266957433616479	-0.2906574979764538	0.48175965665236054
-0.8069978780186191	-0.344565075308851	0.47961373390557926
0.3627876406456668	0.8002559697384185	0.4774678111587983
0.27341816475412234	-0.8362485333792349	0.4753218884120172
-0.767494885810193	0.43249983326236097	0.47317596566523606
0.8591956517437959	0.19978370977833076	0.471030042918455
-0.499237956039845	-0.7286351248052713	0.4688841201716738
-0.12422296437431855	0.8756278377179535	0.46673819742489275
0.6839483949259743	-0.5624665424606174	0.46459227467811165
-0.885383902328794	-0.04731508303322186	0.46244635193133043
0.6216751191832046	0.6337535491664468	0.46030042918454944
-0.030347388982495217	-0.8883543686011288	0.4581545064377683
-0.578414270890094	0.6763823643700512	0.4560085836909872
0.8844825706760985	-0.10816315070690719	0.45386266094420596
-0.7261400504084933	-0.5183363923409486	0.4517167381974249
0.18552686915244437	0.8737653361844557	0.44957081545064376
0.4539648662695426	-0.770536738632113	0.44742489270386265
-0.8562532449108694	0.2618339540502097	0.44527896995708144
0.8092011955405775	0.38578041371460775	0.4431330472103004
-0.33648534556445125	-0.8320504601752039	0.4409871244635192
-0.3142958736559643	0.8418055021670048	0.4388412017167383
0.8013141327836273	-0.40889227667758	0.43669527896995713
-0.8680678306217482	-0.2400522827337312	0.4345493562231759
0.47848097202744005	0.7642533808400858	0.4324034334763948
0.16361471548082335	-0.887754864441128	0.4302575107296137
-0.7211278521280028	0.5446972453758792	0.4281115879828327
0.9006838421601678	0.08556791753692602	0.4259656652360514
-0.6070109585893442	-0.6722458791459968	0.42381974248927035
-0.006511766066298931	0.9067242064963725	0.4216738197424893
0.6179622401837502	-0.6649203060137654	0.41952789699570814
-0.9057988446454304	0.07294340690611825	0.41738197424892703
0.7179558894234483	0.5586755430257282	0.4152360515021459
-0.15218159132358036	-0.8978849084304174	0.4130901287553647
-0.49482525094599406	0.7656845503039805	0.41094420600858367
0.8830142063842507	-0.23058593826553062	0.4087982832618025
-0.807712928077966	-0.42688837358644405	0.4066523605150215
0.30754362301695604	0.8612731632563811	0.4045064377682404
0.35537584805638317	-0.8436907149956507	0.4023605150214592
-0.8328023458889809	0.382450693308593	0.4002145922746782
0.873313580757017	0.2808286381508252	0.39806866952789705
-0.4547168640009443	-0.7977955578808666	0.3959227467811158
-0.20381358191768595	0.8963257425062138	0.3937768240343347
0.756498508917157	-0.5237702198128645	0.39163090128755357
-0.9125221586119405	-0.12491901990208822	0.3894849785407725
0.5890617883217285	0.7092070680667433	0.3873390557939915
0.04475023824369891	-0.9217503275998368	0.38519313304721026
-0.656265113701464	0.6500699464053566	0.38304721030042915
0.9239116767147536	-0.036075237630620184	0.380901287553648
-0.7063046245237912	-0.5980619959555393	0.378755364806867
0.11693246167925198	0.9189625278306081	0.37660944206008584
0.5350296307831687	-0.757311274765879	0.3744635193133046
-0.9069146317743465	0.19719396025367777	0.3723175965665235
0.8026745703851534	0.467639247666938	0.37017167381974253
-0.27623466071340474	-0.8878352655575993	0.36802575107296137
-0.3963978158583106	0.8420218066099985	0.3658798283261803
0.8618468904878966	-0.35343681654335357	0.36373390557939905
-0.8750259748274106	-0.3218441766575529	0.36158798283261817
0.42819488979064246	0.8291263726347323	0.35944206008583696
0.24454491166366923	-0.9014084847736895	0.35729613733905585
-0.7899037706243188	0.4999203518847224	0.3551502145922746
0.9209415121160165	0.16508997910269024	0.3530042918454934
-0.5680463644599142	-0.744460699202628	0.35085836909871254
-0.08408815227817269	0.9334499517412244	0.3487124463519314
0.6931282804148899	-0.6320323026597128	0.3465665236051502
-0.9388129601688779	-0.00216229584211189	0.3444206008583691
0.6913680845748481	0.6362846975646315	0.342274678111588
-0.08005548302899294	-0.9369650737412691	0.3401287553648069
-0.5743523703233908	0.7455782719201237	0.3379828326180257
0.9278968925956079	-0.16192877038855127	0.33583690987124465
-0.7942259088017816	-0.5077947724227626	0.33369098712446366
0.24282182925232978	0.9116553238616835	0.3315450643776824
0.4371129162632906	-0.8369160674336626	0.3293991416309013
-0.8883433810256629	0.3221045918919445	0.3272532188841201
0.8732990719292012	0.3628415314787773	0.325107296137339
-0.3991576211069857	-0.8581195399301292	0.322961373390558
-0.2855449669996097	0.9030733737905365	0.32081545064377676
0.8211966554128801	-0.4733770010558237	0.3186695278969957
-0.9259880554344155	-0.20581284842181513	0.31652360515021455
0.5441791186984924	0.7778404460936561	0.3143776824034335
0.12425552451211498	-0.9418449410013995	0.31223175965665234
-0.7283675582742792	0.6110052976869098	0.3100858369098712
0.9505002967782892	0.04149933842379964	0.3079399141630901
-0.6733262476363254	-0.6731432232873387	0.305793991416309
0.041818239323707665	0.9518661067887283	0.30364806866952776
0.6125785258970532	-0.7306462930952102	0.30150214592274693
-0.9459109124576559	0.12505357787502952	0.2993562231759658
0.7825073482122016	0.5471273044847077	0.2972103004291846
-0.20756191397584547	-0.932660208698527	0.2950643776824034
-0.47728270672136597	0.8284926050501925	0.29291845493562235
0.912196392283472	-0.2887024011495352	0.2907725321888413
-0.8682299057063558	-0.4035734272212591	0.28862660944206003
0.3678431401970259	0.8846582619071575	0.286480686695279
0.32655965624396716	-0.9013947708546872	0.2843347639484979
-0.8502400729161356	0.4443661511735526	0.28218884120171667
0.9277130599989292	0.24682877087297894	0.2800429184549356
-0.5176722473799314	-0.8091901532204857	0.2778969957081545
-0.16499080220163886	0.9469632416041877	0.2757510729613734
0.7618090904020723	-0.5871857726110344	0.2736051502145923
-0.958978254331161	-0.08167371390195416	0.27145922746781115
0.6523591639160573	0.7084475034573701	0.26931330472103004
-0.0024814708839597122	-0.9636469438084042	0.267167381974249
-0.6495034159374414	0.7126773034372138	0.26502145922746784
0.9609150627187975	-0.08682565611684563	0.26287553648068684
-0.7676616245033152	-0.5854192504411685	0.2607296137339055
0.17070673371738268	0.9507858254196988	0.25858369098712447
0.5166784674594773	-0.8168739390405584	0.2564377682403433
-0.9333200118358825	0.2534746788579607	0.2542918454935622
0.8599199555154305	0.4438018744310508	0.2521459227467812
-0.33448663951137836	-0.9086356189300446	0.25
-0.36734363353145283	0.8964524590254996	0.2478540772532189
0.8769070616418166	-0.4131119800390151	0.2457081545064378
-0.9261741277843749	-0.2878869991561061	0.24356223175965655
0.488737238905929	0.838363928761972	0.24141630901287553
0.20603981825382675	-0.948839963086507	0.23927038626609437
-0.7932893027464357	0.5607709612210243	0.23712446351931338
0.9642593128642367	0.1224298285999016	0.23497854077253225
-0.6286483677282276	-0.7420176559462112	0.23283261802575111
-0.037699791765688495	0.9722974721360185	0.23068669527897
0.6849323391066368	-0.6918358231085621	0.22854077253218877
-0.9728768469747346	0.04749750110417947	0.22639484978540778
0.7498350679841007	0.6224626812454732	0.22424892703862667
-0.13250431151309264	-0.9659776720581993	0.22210300429184548
-0.5550807231283769	0.8021871808309181	0.2199570815450643
0.9516382753874745	-0.21666308388948574	0.2178111587982833
-0.8484762380974987	-0.48329760949415695	0.21566523605150215
0.2993215835325269	0.9299548873345743	0.2135193133047211
0.4076596679301527	-0.8883326431619623	0.21137339055793988
-0.9010809947854342	0.3798380017189209	0.2092274678111587
0.9214360973496244	0.3287442048079991	0.20708154506437765
-0.457585987664082	-0.8652262447468789	0.20493562231759657
-0.24715505098634516	0.9475181890179816	0.2027896995708154
0.8226549053591174	-0.5319595675522422	0.20064377682403425
-0.9663645797111726	-0.16351789200688205	0.19849785407725315
0.6023779116877154	0.7736838957698037	0.19635193133047207
0.07847541926625468	-0.977816769543751	0.19420600858369094
-0.718680399751436	0.6682899119704224	0.19206008583690992
0.9817734272791987	-0.007317659887683542	0.18991416309012885
-0.72917853334119	-0.6580590812630382	0.18776824034334758
0.09319971402015155	0.9781912739933032	0.18562231759656647
0.5922789233209959	-0.7845649045953098	0.1834763948497853
-0.9670855127294579	0.1785073414616423	0.18133047210300426
0.8340121159671092	0.5218397145600095	0.1791845493562231
-0.26258054563403765	-0.9485298001342781	0.1770386266094421
-0.4472782106768917	0.8771286931740893	0.17489270386266095
0.9226557596787412	-0.34476789111770134	0.17274678111587988
-0.9135717201277587	-0.36916400055603327	0.17060085836909863
0.4244315998263016	0.8896520396949399	0.16845493562231767
0.28809510924588105	-0.9430495852631338	0.1663090128755365
-0.8497629230608106	0.5009525470845766	0.16416309012875546
0.9653243293849405	0.20469337207402732	0.16201716738197425
-0.5737351181487519	-0.8032864989165646	0.1598712446351932
-0.11959961603522921	0.9802135760534143	0.1577253218884121
0.7505724102713591	-0.6422118867649304	0.1555793991416309
-0.9875920288097031	-0.033468686154754373	0.1534334763948499
0.7058480787278785	0.6920191947246446	0.15128755364806865
-0.05303564421189224	-0.9873925229487681	0.1491416309012875
-0.6280712387606735	0.7641457850605394	0.1469957081545064
0.97960662305231	-0.13924583921749792	0.1448497854077253
-0.8166478913760021	-0.5592153691492894	0.1427038626609442
0.22449580193174798	0.9642847610753309	0.14055793991416302
0.4859771078755857	-0.8629416921927795	0.13841201716738202
-0.9415359134035887	0.3081260704364788	0.13626609442060097
0.9026621614292563	0.4089166197087721	0.13412017167381973
-0.38948896771870317	-0.9115268189392801	0.13197424892703857
-0.32862438396975746	0.9354948529958517	0.12982832618025755
0.8744807438991398	-0.46795366480353384	0.12768240343347628
-0.9611784082956217	-0.24571662427091512	0.12553648068669523
0.5429111172153661	0.8306758025940323	0.12339055793991424
0.1608305319378791	-0.9795066505304917	0.1212446351931331
-0.7804428469725289	0.6137788358220206	0.11909871244635191
0.9903302489529509	0.0746193204892282	0.11695278969957086
-0.6800054543866649	-0.7241629411291838	0.11480686695278972
0.012252850092446954	0.9935579395864252	0.11266094420600863
0.6622644402641432	-0.741075057732675	0.11051502145922742
-0.9891572924255149	0.09911603949753214	0.10836909871244632
0.796511236280357	0.5952196967229031	0.10622317596566515
-0.18529974309313335	-0.9771550187007335	0.1040772532188842
-0.5235414187024533	0.8458808348527642	0.10193133047210301
0.957636815416865	-0.2701381168279231	0.0997854077253219
-0.8887973660325093	-0.4477787099749151	0.09763948497854073
0.35297516996771655	0.930746748024698	0.09549356223175966
0.3685128215111915	-0.9249240609825452	0.09334763948497858
-0.896686175730075	0.433169884824163	0.09120171673819746
0.9539765334809349	0.2863526481879592	0.0890557939914162
-0.510101223179568	-0.8557122275572259	0.0869098712446353
-0.2019300057912912	0.9757250359584827	0.08476394849785408
0.8081358408327475	-0.5831729799832495	0.08261802575107295
-0.9899962895329689	-0.1158947252855824	0.08047210300429185
0.6518184460750635	0.7543193772153526	0.07832618025751077
0.028909602784934995	-0.9966748733826976	0.07618025751072961
-0.6946738347408289	0.7155048431719602	0.07403433476394854
0.9957041622716967	-0.058354755183008526	0.07188841201716743
-0.7737374961356166	-0.6296556775446059	0.06974248927038626
0.1452251506754192	0.9870868045949767	0.06759656652360503
0.5597633079547248	-0.8260637095870894	0.065450643776824
-0.9708847369336876	0.23103103662606214	0.06330472103004295
0.8720763182505256	0.4855332084823397	0.061158798283261664
-0.3151097412560512	-0.9472187347632331	0.05901287553648063
-0.40753578384842604	0.9114168829703908	0.05686695278969958
0.9162675026149796	-0.3968116335526849	0.05472103004291841
-0.94377850712321	-0.3263709355703792	0.05257510729613733
0.47550518920747625	0.8782663106270496	0.05042918454935611
0.24266340375149179	-0.9689082511308511	0.04828326180257525
-0.8335051879966106	0.5505819171817994	0.0461373390557939
0.986609125941606	0.1570579125668855	0.043991416309012786
-0.6214611081404443	-0.7823266873483125	0.04184549356223183
-0.07021415750062424	0.9967416496582987	0.03969957081545056
0.7251232374170353	-0.6875943673959033	0.037553648068669496
-0.9992249549317095	0.017198326350342887	0.03540772532188842
0.7484698966843286	0.6623341046985313	0.03326180257510727
-0.10450537464112145	-0.9940374382756558	0.03111587982832621
-0.5944419878086197	0.8036164910682397	0.028969957081544977
0.9812169460688481	-0.19103344191353122	0.026824034334764057
-0.8526072194963585	-0.5219692711943296	0.0246781115879828
0.27611484629623684	0.9608604956604417	0.022532188841201745
0.4454739675322752	-0.895062760037407	0.020386266094420596
-0.9331235336599896	0.35909296958371995	0.01824034334763942
0.9306543635207437	0.3655453806100169	0.01609442060085845
-0.43932737184774984	-0.898218737141997	0.013948497854077244
-0.2827995226959755	0.9591064222409134	0.011802575107296064
0.856414367099106	-0.5161987804048224	0.009656652360514953
-0.980198623493573	-0.19787432234116226	0.007510729613733793
0.5891139139462191	0.808032187008814	0.005364806866952797
0.11142466022172819	-0.9937676709772226	0.0032188841201716664
-0.7534449628080915	0.6575101039322551	0.0010729613733905846
0.9997085605046829	0.0241172719756178	-0.0010729613733906841
-0.720859676946865	-0.6930735638711683	-0.003218884120171766
0.06337444194703933	0.9979753999749601	-0.005364806866952674
0.6273836877318907	-0.7786740635905391	-0.0075107296137338925
-0.9885817671510373	0.15037565867426964	-0.009656652360515052
0.8305076016435576	0.5568822342588264	-0.011802575107296164
-0.23621538638222425	-0.9716006024308091	-0.01394849785407712
-0.48211335775178304	0.8759610036427556	-0.01609442060085833
0.9471636374636138	-0.32023168759705223	-0.01824034334763952
-0.9146844616551337	-0.40365422797412337	-0.020386266094420475
0.40177683132016084	0.9154603641230763	-0.022532188841201846
0.32211053341493207	-0.9463803649017656	-0.0246781115879829
-0.8767365519694011	0.48022233353188915	-0.026824034334763935
0.9708056089291359	0.23811176211691662	-0.028969957081545077
-0.5549638465120167	-0.8312923258920993	-0.031115879828326087
-0.15230629714777794	0.9877734782522698	-0.03326180257510714
0.7794798190894603	-0.6254258586113879	-0.035407725321888524
-0.9971550877561002	-0.0653563652512808	-0.0375536480686696
0.6910661676109566	0.7217004198838838	-0.039699570815450655
-0.022067121635097053	-0.9988803716217849	-0.0418454935622317
-0.6584016340759176	0.7513800925878252	-0.04399141630901288
0.9929386121129695	-0.10928979147212566	-0.046137339055794
-0.8059043912886438	-0.5900735875561491	-0.048283261802575125
0.19563906278031987	0.9793785041852435	-0.05042918454935621
0.5172451967330685	-0.8542208523264748	-0.05257510729613744
-0.9583077555416074	0.2804493796389092	-0.05472103004291829
0.8959595340958322	0.44048003694060134	-0.056866952789699686
-0.36306738992789134	-0.9298922254174751	-0.05901287553648073
-0.36037194136267103	0.9308016250904629	-0.06115879828326176
0.8943546090158464	-0.4428570261691927	-0.06330472103004282
-0.958481903300772	-0.2775403651257395	-0.0654506437768241
0.5192044491193271	0.8519726780882799	-0.06759656652360513
0.1926255510494343	-0.9787907755354419	-0.06974248927038613
-0.8030770916557675	0.5915228153464278	-0.07188841201716753
0.9915758808299345	0.10628353509551335	-0.07403433476394841
-0.6592568314360292	-0.7480487942444168	-0.07618025751072949
-0.019181030802554747	0.9967432455470261	-0.07832618025751087
0.6873160222557814	-0.7218870591640751	-0.08047210300429194
-0.99425798131302	0.06800976706586673	-0.08261802575107284
0.7789339379547291	0.6213509421714845	-0.08476394849785418
-0.1546164188162055	-0.9841445205419236	-0.08690987124463517
-0.5506659471829664	0.8299614931848616	-0.08905579399141629
0.9664863879468168	-0.23997147492466783	-0.09120171673819735
-0.8745807013890232	-0.47580964151692695	-0.09334763948497868
0.3234176688302168	0.9414255100966392	-0.09549356223175955
0.3973625441724198	-0.9124524861393863	-0.09763948497854061
-0.9091610687174809	0.4043130266681737	-0.099785407725322
0.9432903212987609	0.3159325459845302	-0.10193133047210311
-0.482035853868174	-0.8699479070312157	-0.10407725321888407
-0.23215015584647236	0.9668624214583096	-0.10622317596566526
0.8240945019427887	-0.5559895595349962	-0.10836909871244642
-0.9829935026328637	-0.14666357357381168	-0.11051502145922752
0.6256072808338365	0.7719605183027846	-0.1126609442060085
0.06013362822624018	-0.991566099691207	-0.11480686695278981
-0.7139539647557321	0.6903562712042666	-0.11695278969957074
0.9925214304991177	-0.026771378253767186	-0.1190987124463518
-0.7497420181100886	-0.6505279738159581	-0.1212446351931332
0.11338088151153052	0.9858598003362065	-0.12339055793991413
0.5821772317555699	-0.8033120581954565	-0.1255364806866951
-0.9716405437770609	0.19902727838682926	-0.12768240343347637
0.8506594601220241	0.5094340866354934	-0.12982832618025744
-0.2830511226122248	-0.94998150487686	-0.13197424892703866
-0.4328643653283609	0.8914259480063728	-0.13412017167381982
0.9210580601431058	-0.36480625180604415	-0.13626609442060086
-0.9253046412365382	-0.3530629326476762	-0.13841201716738188
0.4436648055439716	0.8851016923770492	-0.1405579399141629
0.2706490277108625	-0.9520423894873647	-0.14270386266094431
-0.8423981270039754	0.5190220951824016	-0.14484978540772542
0.9714416849684997	0.18626141438772942	-0.14699570815450627
-0.5903012873068346	-0.7932850459551081	-0.1491416309012876
-0.10055338412158445	0.9833621372886389	-0.15128755364806873
0.7381493974790955	-0.6569578641911819	-0.15343347639484978
-0.9877214997836571	-0.014187650540248849	-0.155579399141631
0.7184838264347027	0.6774243234391166	-0.15772532188841196
-0.07216882390861357	-0.9844962397055875	-0.15987124463519306
-0.6115857286401036	0.7744116050249215	-0.16201716738197433
0.9737216482759427	-0.1578500285655965	-0.16416309012875535
-0.8243176523863442	-0.5411485195402745	-0.1663090128755364
0.24219609150356108	0.9554914902420008	-0.16845493562231756
0.4666625422777779	-0.8678256845464807	-0.17060085836909875
-0.929957196208576	0.324558412052417	-0.17274678111587977
0.904609549330199	0.3887082522872673	-0.17489270386266081
-0.40430469861237867	-0.8973266046252034	-0.17703862660944222
-0.30789214986546076	0.9343956984721365	-0.1791845493562232
0.8578622638528132	-0.48082387226949114	-0.18133047210300415
-0.9569652446875037	-0.22484201785500807	-0.1834763948497854
0.5535307978146653	0.8118793081984166	-0.18562231759656656
0.14020199913789766	-0.9721555880393322	-0.18776824034334766
-0.759742925152459	0.6218708051826851	-0.18991416309012873
0.9798615993586766	0.05462755285178982	-0.19206008583691
-0.685323966022148	-0.7018654342718875	-0.19420600858369103
0.03121967084839293	0.9800363519864513	-0.19635193133047193
0.6387030011943845	-0.7434090920832295	-0.19849785407725323
-0.9726913966822524	0.1166769970564736	-0.20064377682403436
0.7956874243475602	0.5707520131222702	-0.2027896995708153
-0.20108589272264304	-0.9578965781613571	-0.20493562231759668
-0.49854514475608175	0.8417659843055477	-0.20708154506437773
0.9357793953420106	-0.2837970929496489	-0.2092274678111588
-0.8813005614932685	-0.42264714606358145	-0.21137339055793997
0.3641756467045256	0.9065239109881332	-0.213519313304721
0.34365038543462356	-0.9139983143034152	-0.215665236051502
-0.8703692199848402	0.44160584235937134	-0.2178111587982832
0.9396199641793818	0.2621701836474072	-0.21995708154506438
-0.5154959744778641	-0.8276074889593821	-0.2221030042918456
-0.1788399756895703	0.9579815665331868	-0.22424892703862653
0.7785815833305108	-0.585282914571404	-0.2263948497854079
-0.968955845101566	-0.09430633877900584	-0.22854077253218885
0.6504364501528925	0.7236823011057901	-0.2306866952789699
0.009223925935152116	-0.9724730799223275	-0.23283261802575123
-0.6633452358327578	0.7104633582911889	-0.2349785407725321
0.9685215426563389	-0.07574965485903723	-0.23712446351931324
-0.7649111820303627	-0.5980472940002215	-0.23927038626609423
0.1599589754930533	0.9571474765686908	-0.2414163090128756
0.5283028948893045	-0.8133716804215867	-0.24356223175965663
-0.9384546220874345	0.24275589610094117	-0.24570815450643765
0.8554839255488348	0.4546598833375462	-0.24785407725321898
-0.3235046067820525	-0.9126032924501146	-0.2500000000000001
-0.3776951881046244	0.8909370227601874	-0.2521459227467811
0.8798090075022098	-0.4015865630638741	-0.2542918454935623
-0.9194724333351095	-0.2980102604890051	-0.2564377682403434
0.4764052764190371	0.8403406971910715	-0.25858369098712436
0.21622632952785883	-0.9408858819968966	-0.2607296137339056
-0.7945184896881882	0.5473909223430651	-0.2628755364806867
0.9550288349933818	0.1329795115050718	-0.2650214592274677
-0.6140047300141064	-0.7427111023334241	-0.2671673819742489
-0.04891581257948299	0.96180953789195	-0.26931330472103016
0.6853328567086537	-0.6757431193420581	-0.27145922746781104
-0.9611936057370373	0.03531393586508495	-0.2736051502145922
0.732141553273102	0.622840342087361	-0.2757510729613735
-0.11905916909706069	-0.9532041617776852	-0.2778969957081546
-0.5557287542488143	0.7827780755260736	-0.2800429184549355
0.9379215245512229	-0.20167466793016414	-0.2821888412017167
-0.8272765064807208	-0.48452793916904924	-0.28433476394849777
0.28252558460424576	0.9154824466884282	-0.2864806866952788
0.40979817338292107	-0.8653092726961857	-0.2886266094420599
-0.8860789123498556	0.3609923761153223	-0.2907725321888412
0.8965998484804821	0.3321257148474119	-0.29291845493562224
-0.4364756062626635	-0.8499565036874159	-0.2950643776824033
-0.2521181598793104	0.9209247910540058	-0.2972103004291847
0.8074123501211754	-0.5084005787935554	-0.2993562231759656
-0.9381153540974784	-0.17039964322304654	-0.3015021459227468
0.5762217654362112	0.7587926775021236	-0.30364806866952787
0.08760591946947546	-0.9480586678510935	-0.3057939914163091
-0.7044899773689731	0.639426994309665	-0.30793991416309013
0.9506984773895679	0.004379364915367141	-0.3100858369098713
-0.6975413661597711	-0.6449398194852529	-0.31223175965665245
0.0786360604931933	0.9460354342183789	-0.3143776824034334
0.580617333617378	-0.7501308681061977	-0.31652360515021444
-0.934126939889346	0.16079985125264235	-0.31866952789699576
0.7968056570335788	0.5120333890944195	-0.32081545064377687
-0.24147995463191488	-0.9150865438900591	-0.3229613733905579
-0.43973050302483674	0.8372229874458731	-0.32510729613733913
0.8890829015954066	-0.3200576898321217	-0.3272532188841202
-0.8710897614744395	-0.36427851013644696	-0.32939914163090117
0.3959325492932729	0.8563383015473082	-0.3315450643776825
0.2862700290285335	-0.8981646817771805	-0.33369098712446355
-0.8171267747301056	0.4685268444681786	-0.33583690987124454
0.9182599912602819	0.20631576116759204	-0.33798283261802553
-0.5372901597088336	-0.7717718018002753	-0.340128755364807
-0.12503966020495297	0.9312427868710923	-0.3422746781115879
0.7206436373880707	-0.6017035795110837	-0.344420600858369
-0.937035898120112	-0.04307401015085306	-0.34656652360515033
0.661283656241343	0.6641562735887788	-0.34871244635193127
-0.038945548436500124	-0.9356183244733784	-0.35085836909871243
-0.6027640675790902	0.7155860876052381	-0.35300429184549376
0.9270252292719021	-0.12038500474909125	-0.3551502145922747
-0.7642090754949383	-0.5369580609077049	-0.35729613733905574
0.20061693701635916	0.9113474913683713	-0.359442060085837
0.4672620203950677	-0.8067963404523831	-0.361587982832618
-0.8887308191848897	0.2790254055868598	-0.36373390557939916
0.8430397687794151	0.3942282327286507	-0.3658798283261802
-0.3550107412286386	-0.8593744353653273	-0.3680257510729614
-0.3184330867121112	0.8726816723115521	-0.3701716738197424
0.823529343593104	-0.42799419099800706	-0.37231759656652363
-0.895516643993165	-0.2404724787469729	-0.37446351931330474
0.4974223852502744	0.7814961924431355	-0.3766094420600859
0.16095707843946164	-0.9113929956556887	-0.3787553648068669
-0.7336227543070317	0.562771590881183	-0.38090128755364805
0.9202137677586425	0.08050749225073318	-0.38304721030042926
-0.6235517176687101	-0.6803010404561171	-0.38519313304721015
0.0002506361736161439	0.9219373042881646	-0.3873390557939916
0.621964076145369	-0.6793100466471341	-0.38948497854077263
-0.9165773894893647	0.08069154995140364	-0.3916309012875537
0.7296346517259376	0.5590823623172192	-0.3937768240343346
-0.16019428805146688	-0.9042029466093219	-0.3959227467811159
-0.49216005289011217	0.7741574882925901	-0.39806866952789693
0.8849373023188619	-0.23814754060251855	-0.4002145922746781
-0.8125571252589066	-0.4217308788109399	-0.4023605150214593
0.3139544120344718	0.858957023935504	-0.4045064377682403
0.34835385198855395	-0.8445610999165766	-0.4066523605150214
-0.8264903399580403	0.3870370545028549	-0.4087982832618026
0.8699478780314839	0.2726087838946007	-0.4109442060085838
-0.456841135170753	-0.7878151577246874	-0.4130901287553648
-0.19509165500090775	0.8885484048052273	-0.41523605150214576
0.7432566951760485	-0.522840102371697	-0.41738197424892715
-0.9002472356342587	-0.11640987232719523	-0.41952789699570825
0.5845392173405993	0.6931847467555949	-0.4216738197424894
0.03717745313923036	-0.9049832389908715	-0.42381974248927046
-0.638010606326557	0.6414793202082412	-0.4259656652360513
0.9027498671801143	-0.04198982663817104	-0.42811158798283244
-0.6932403011228359	-0.578183672685312	-0.430257510729614
0.1204792806028603	0.8935949942022069	-0.43240343347639487
0.5141877656956395	-0.739444249835611	-0.43454935622317603
-0.8776203234070435	0.19768611804643144	-0.436695278969957
0.779758259714524	0.44653718331487907	-0.4388412017167384
-0.27301817000763	-0.8549803710630328	-0.4409871244635193
-0.3757725317721023	0.8138968649870191	-0.4431330472103003
0.8258810353408028	-0.34590049780011045	-0.4452789699570815
-0.8416240930213719	-0.302456362860645	-0.44742489270386276
0.41577984770707227	0.790577763496879	-0.44957081545064365
0.22716865378623002	-0.862755116570879	-0.45171673819742497
-0.7493733332309208	0.4821289168293311	-0.45386266094420585
0.8771574941774269	0.15050216612566494	-0.45600858369098707
-0.5444503967189087	-0.7026152672290775	-0.45815450643776817
-0.07305772135719184	0.8847519902450712	-0.46030042918454955
0.6506929027837961	-0.6022807633091078	-0.4624463519313303
-0.8855129697069292	0.004560569069031959	-0.46459227467811154
0.6551937837587376	0.5940341410966802	-0.46673819742489264
-0.08175008085320452	-0.8794683656228516	-0.4688841201716739
-0.5331019033394976	0.7028037132258506	-0.47103004291845474
0.8666992214859076	-0.1579144230033882	-0.47317596566523595
-0.7447681571184362	-0.4683903228492687	-0.4753218884120171
0.23246811519305854	0.8473388134187014	-0.4774678111587984
0.40042070482573455	-0.7807905771690702	-0.47961373390557954
-0.8215713608021896	0.3048411591826769	-0.4817596566523604
0.8106224225754404	0.32973728670610647	-0.48390557939914175
-0.37448346813708316	-0.7896303371538572	-0.48605150214592274
-0.2569028338481119	0.8340648705520105	-0.48819742489270385
0.7517963962568426	-0.44086911890143526	-0.4903433476394849
-0.8509701638016312	-0.18249410640847724	-0.49248927038626583
0.5035003938769044	0.7083949315742138	-0.4946351931330474
0.10709723418005071	-0.8612425357216027	-0.49678111587982826
-0.6597932898922292	0.5619115808919324	-0.4989270386266093
0.8648387174883173	0.03130303681215601	-0.5010729613733904
-0.6156725015618236	-0.6063976628298099	-0.5032188841201716
0.044297672869732	0.8617680245626741	-0.5053648068669528
0.5486496823933339	-0.6643917408702711	-0.5075107296137339
-0.8520920235494348	0.11911876471867366	-0.5096566523605148
0.7077195532454819	0.48702274902467985	-0.511802575107296
-0.1925834088351352	-0.8359237837237178	-0.5139484978540769
-0.4220181226841395	0.7453504230567114	-0.5160944206008586
0.8134267208727354	-0.26412859802972877	-0.5182403433476392
-0.7770252603538836	-0.35416080928341914	-0.5203862660944204
0.3332095392029837	0.784813044367229	-0.5225321888412018
0.28399527635819444	-0.8025332156532221	-0.5246781115879827
-0.7503418215361347	0.39930387889560853	-0.526824034334764
0.8217131007226544	0.21208103311213172	-0.5289699570815453
-0.46191572967381295	-0.7103166764719044	-0.5311158798283262
-0.13898811093615301	0.834454405544573	-0.5332618025751075
0.6650831432743972	-0.5205794657858576	-0.5354077253218885
-0.8406979049249925	-0.06529248121179895	-0.5375536480686698
0.5748632584618829	0.615025696481216	-0.5396995708154506
-0.008428552455307268	-0.8404358515733428	-0.5418454935622316
-0.5605644839551959	0.6243723234658621	-0.5439914163090129
0.8337117558236894	-0.0816009503035191	-0.5461373390557941
-0.6687518559323059	-0.5021517898148184	-0.5482832618025749
0.1536584837916945	0.820619755523329	-0.5504291845493562
0.4402682571014417	-0.7076896301243372	-0.5525751072961373
-0.8013035829194914	0.22404719776982138	-0.5547210300429183
0.7409182445763186	0.3754189016880488	-0.5568669527896998
-0.29222975179955296	-0.7759551386179531	-0.5590128755364807
-0.30812895054914835	0.7682169959996759	-0.5611587982832618
0.7448126858415474	-0.35768960604798994	-0.5633047210300427
-0.7894133684331026	-0.23893953877807184	-0.5654506437768242
0.4199350185930416	0.7081586812500971	-0.567596566523605
0.16840330079994978	-0.8043841272673558	-0.5697424892703863
-0.6663172614712969	0.47850282263104155	-0.5718884120171674
0.813056011045864	0.09707989191536406	-0.5740343347639485
-0.5329619539599132	-0.6196514072332127	-0.5761802575107297
-0.025531476786622945	0.8154060172220042	-0.5783261802575107
0.5685598095111093	-0.5829167012897006	-0.5804721030042918
-0.8114612813862923	0.04568177843340778	-0.5826180257510729
0.6280096542511635	0.5134734644599785	-0.5847639484978543
-0.11600617375667761	-0.8012985527791381	-0.5869098712446352
-0.45485202598555347	0.6679243265684965	-0.5890557939914163
0.7850432721911154	-0.18489886671711858	-0.5912017167381972
-0.7023874345596863	-0.3931799467041347	-0.5933476394849786
0.2518321521058542	0.7628682615670043	-0.5954935622317599
0.3289624396177762	-0.7311708140477884	-0.5976394849785408
-0.7349920377685983	0.31629759578051275	-0.599785407725322
0.7540929617532286	0.2627212942080026	-0.6019313304721029
-0.3778099896076288	-0.7016767659657911	-0.6040772532188842
-0.19499058167396985	0.7710201903844988	-0.6062231759656654
0.6632258710221502	-0.4359110961408479	-0.6083690987124465
-0.7818673898231967	-0.12631228484870596	-0.6105150214592273
0.4901731535221759	0.6199813279532922	-0.6126609442060084
0.057231888784542585	-0.7865983900656346	-0.6148068669527899
-0.5723206550999619	0.5402021131279177	-0.6169527896995709
0.7852259248562167	-0.011706031819903715	-0.6190987124463517
-0.585640584816937	-0.5206536359798392	-0.6212446351931332
0.07996219226829837	0.7778111982216573	-0.6233905579399142
0.46541879792825713	-0.6261704670975147	-0.6255364806866953
-0.7644630593681714	0.14700690895815155	-0.6276824034334765
0.6615152422314605	0.40707967750359014	-0.6298283261802576
-0.2123243069402648	-0.7453367945938544	-0.6319742489270387
-0.34612090427799425	0.6914419191068393	-0.6341201716738197
0.720632547979953	-0.2754163900037096	-0.636266094420601
-0.715762609675532	-0.28304413600487577	-0.6384120171673819
0.335806940562857	0.6905933856349461	-0.6405579399141631
0.21836387922941305	-0.7343357278306595	-0.6427038626609441
-0.6555030211317846	0.393045218195965	-0.6448497854077253
0.7470668027343647	0.1526032302472746	-0.6469957081545064
-0.44670942742537634	-0.6156832225098463	-0.6491416309012876
-0.08628957179735934	0.7539089018324048	-0.6512875536480688
0.5714909237467805	-0.49640992738017725	-0.6534334763948497
-0.754862662013119	-0.019950261140287927	-0.6555793991416311
0.5417921582007533	0.5233150659583142	-0.6577253218884119
-0.045891654937653376	-0.7499759306208995	-0.6598712446351932
-0.47157319571843054	0.5825392614849697	-0.6620171673819742
0.7393430212410909	-0.11072166297847245	-0.6641630901287555
-0.6183743747076256	-0.4167078497770129	-0.6663090128755363
0.17403790903465374	0.7231035923441461	-0.6684549356223175
0.35918275712585696	-0.6490625822970352	-0.6706008583690988
-0.7014411599624514	0.23535519456505136	-0.6727467811158798
0.6744125089912104	0.2994788907237492	-0.6748927038626609
-0.29420880965197926	-0.6745812585611654	-0.6770386266094423
-0.23809040233965503	0.6942775440913562	-0.6791845493562232
0.6427892671231475	-0.35015817262372195	-0.6813304721030042
-0.7085566883567405	-0.17552047478305477	-0.6834763948497855
0.40279024688701376	0.6063679201823026	-0.6856223175965667
0.11227712635807566	-0.7171950184376548	-0.6877682403433476
-0.5656545260690147	0.45172270775918	-0.6899141630901288
0.7201837669466365	0.04886900262908557	-0.6920600858369099
-0.4966068342460372	-0.5210179169917569	-0.694206008583691
0.014198809445466466	0.7175600194706035	-0.696351931330472
0.47285515769371644	-0.5371301031332378	-0.6984978540772533
-0.7094060330102787	0.07642891027858603	-0.7006437768240342
0.5730184652942065	0.42158804134965144	-0.7027896995708153
-0.13733562520227716	-0.6958481834696434	-0.7049356223175965
-0.3676594030102437	0.6040382868722176	-0.7070815450643778
0.677055552882987	-0.19644891756506225	-0.7092274678111586
-0.6299979408417368	-0.31152928231752486	-0.71137339055794
0.2533181453365452	0.6532381700302059	-0.7135193133047212
0.2536709683439955	-0.6507490374382181	-0.7156652360515021
-0.624644920938152	0.30751563057970827	-0.7178111587982832
0.6661872850073639	0.1945669602672316	-0.7199570815450645
-0.35864001286472985	-0.5915611484581094	-0.7221030042918456
-0.13470487816540072	0.6762529759504521	-0.7242489270386265
0.5543059626418241	-0.4063193595990172	-0.7263948497854078
-0.6809310956036092	-0.07457335850201266	-0.728540772532189
0.45021400839852643	0.5132292859765794	-0.7306866952789698
0.014657968872562278	-0.6802510550569213	-0.7328326180257512
-0.46870865967207404	0.49001911896607353	-0.7349785407725323
0.6742860520749253	-0.04456282372758644	-0.7371244635193132
-0.525466914467811	-0.42114583909811804	-0.7392703862660943
0.10262159740688005	0.6631520673837823	-0.7414163090128755
0.3709632081375207	-0.5563285950847011	-0.7435622317596565
-0.647006506633069	0.15906579983477043	-0.7457081545064377
0.5824159092391045	0.3186000436298207	-0.747854077253219
-0.21346142094909232	-0.6260465012811703	-0.75
-0.2645086622249099	0.6035823709348891	-0.7521459227467809
0.6005068844783372	-0.2653964836165638	-0.7542918454935622
-0.619724114672576	-0.20915048284156681	-0.7564377682403433
0.31448432359508693	0.5706578607022702	-0.7585836909871244
0.15299203850563087	-0.6307803824962809	-0.7607296137339056
-0.536802390417025	0.36036663203170216	-0.7628755364806867
0.6367336408508981	0.09650097165435871	-0.7650214592274678
-0.40271623583511895	-0.49927331335609154	-0.7671673819742487
-0.040142047002746886	0.6376093280698119	-0.76931330472103
0.4584302361538219	-0.44123959357102016	-0.7714592274678113
-0.6334752364354164	0.015626784203778235	-0.7736051502145923
0.4756789870138136	0.41465621195490343	-0.7757510729613736
-0.07035823528437647	-0.6244405358365965	-0.7778969957081545
-0.3683542412886992	0.5058143911485059	-0.7800429184549356
0.6106544490616557	-0.12361941813777154	-0.7821888412017167
-0.5314650081987881	-0.3199436249124466	-0.7843347639484979
0.17499542885989286	0.5923045916869668	-0.786480686695279
0.2698562004711242	-0.5524904541684037	-0.78862660944206
-0.5696149923256418	0.22409275502234988	-0.7907725321888412
0.5687915893777296	0.21853249569723418	-0.7929184549356223
-0.27054247628876327	-0.5428438116659676	-0.7950643776824033
-0.16641783146767816	0.5803109875396163	-0.7972103004291846
0.5122807812278394	-0.31400323191720514	-0.7993562231759658
-0.5870330410197859	-0.11395840834398448	-0.8015021459227468
0.3541639307702668	0.47824438508475053	-0.8036480686695281
0.0615974102441062	-0.5889837030415972	-0.8057939914163091
-0.4410788099111929	0.3907461817464942	-0.8079399141630902
0.5862298706967534	0.009771158626342123	-0.8100858369098713
-0.42350642501567454	-0.40115069060828107	-0.8122317596566524
0.041094649979406796	0.578878415685265	-0.8143776824034336
0.35884568041588905	-0.45223774707487	-0.8165236051502146
-0.5670748727069931	0.09058859109875511	-0.8186695278969959
0.4767713654176118	0.3145648758241769	-0.8208154506437767
-0.13831701319990478	-0.5510017983333486	-0.8229613733905579
-0.2687211277391717	0.4969777715024258	-0.825107296137339
0.5308768159820839	-0.18390736281776865	-0.8272532188841203
-0.5127675236947308	-0.2217352712265188	-0.8293991416309013
0.22701130601380012	0.5069503652735883	-0.8315450643776825
0.17403230674506642	-0.5240916849144135	-0.8336909871244634
-0.47950317654319313	0.26730762013432474	-0.8358369098712445
0.5309419028212147	0.1260375660906615	-0.8379828326180258
-0.3045048319196516	-0.4488434935996791	-0.8401287553648069
-0.07817289627802239	0.5333501334953676	-0.842274678111588
0.41530406993652064	-0.33834358031467443	-0.844420600858369
-0.5313880126827994	-0.03085289432315122	-0.8465665236051503
0.3685986848231014	0.37923896550064573	-0.8487124463519313
-0.015518774676966022	-0.5251658817623293	-0.8508583690987125
-0.34102017279552227	0.39508090290430414	-0.8530042918454935
0.5148314786232416	-0.060552944613728676	-0.8551502145922747
-0.41763836273831306	-0.3010341025079983	-0.8572961373390559
0.10387837015443631	0.5005683065970823	-0.8594420600858369
0.25967796002961496	-0.4361576606151471	-0.8615879828326182
-0.4825936974449452	0.1451449742119048	-0.8637339055793991
0.4505646152803026	0.21735604513134146	-0.8658798283261802
-0.1840268937075265	-0.46115658714430185	-0.8680257510729613
-0.1744760076949417	0.46082467470892036	-0.8701716738197425
0.43653502582477755	-0.2202252981575108	-0.8723175965665236
-0.46694297401181545	-0.1314450927619221	-0.8744635193133049
0.25347095773189754	0.4090334456711083	-0.8766094420600858
0.08866640825481707	-0.4689640464580844	-0.8787553648068669
-0.3789797129123775	0.2835265398285969	-0.880901287553648
0.46697119292599815	0.046535248553111794	-0.8830472103004291
-0.31018861575834805	-0.3467219921781482	-0.8851931330472103
-0.005435506676540462	0.46108551845595497	-0.8873390557939915
0.31262545349281784	-0.33328936193453773	-0.8894849785407726
-0.4514646479734724	0.034263792833447326	-0.8916309012875536
0.35269794291435064	0.277068854047299	-0.8937768240343347
-0.07221180914316479	-0.4383011366862415	-0.895922746781116
-0.24044102863611486	0.3683215667875014	-0.898068669527897
0.42182059415436385	-0.10807901832915891	-0.900214592274678
-0.38010620672618345	-0.20313732433612158	-0.9023605150214593
0.14156013565844924	0.402279544630559	-0.9045064377682402
0.16555601670728995	-0.3880369860007615	-0.9066523605150214
-0.3799630500372002	0.17237679932876257	-0.9087982832618026
0.39213822745381705	0.12809474660878756	-0.9109442060085837
-0.2002799893709552	-0.35518212599606064	-0.9130901287553648
-0.0911470188602772	0.3924731723107271	-0.9152360515021458
0.3282709858383703	-0.2250521565767486	-0.9173819742489271
-0.3891433773738756	-0.05509880663593182	-0.9195278969957081
0.24650903718383718	0.29958415276510747	-0.9216738197424891
0.020325309140547164	-0.3822878041415909	-0.9238197424892703
-0.2694934867326905	0.2645011293220006	-0.9259656652360515
0.3720816183826418	-0.012812084675769327	-0.9281115879828326
-0.27891480646163125	-0.23838518088927702	-0.9302575107296137
0.043968565768448084	0.3587347243656455	-0.9324034334763949
0.20665679355441138	-0.28967304061761906	-0.9345493562231759
-0.3424900646500078	0.07281833540687087	-0.9366952789699572
0.29673570263900423	0.1747143976276924	-0.9388412017167381
-0.09905660477627382	-0.3236217246169893	-0.9409871244635192
-0.14296995286713007	0.30009939659550156	-0.9431330472103002
0.30243289164120096	-0.12240104170480116	-0.9452789699570816
-0.2997967664417382	-0.11183904289715711	-0.9474248927038627
0.14259249215886574	0.27925373341161136	-0.9495708154506437
0.0817391772119542	-0.2958951793178909	-0.951716738197425
-0.25443928086414264	0.15939471888923024	-0.953862660944206
0.2884946284871953	0.053088955943661434	-0.9560085836909872
-0.17259275030760507	-0.22836743273560972	-0.9581545064377683
-0.026308564810929996	0.2777245850218508	-0.9603004291845495
0.2014372486218776	-0.1819891604511695	-0.9624463519313304
-0.26373930797716794	-0.0018223773021224068	-0.9645922746781115
0.1873970799308618	0.17406778011181548	-0.9667381974248928
-0.019934961340736947	-0.2467106787220707	-0.9688841201716738
-0.1466978337896731	0.18862767906964545	-0.9710300429184548
0.22681666623526647	-0.038506360116933216	-0.9731759656652361
-0.1854675460320647	-0.11978732551176122	-0.9753218884120172
0.05338863887036956	0.2042212804484323	-0.9774678111587982
0.0938214054983016	-0.17763579654419828	-0.9796137339055795
-0.17903598557266853	0.06398509545091205	-0.9817596566523605
0.16469547834400294	0.06931962377479799	-0.9839055793991416
-0.06950182057183266	-0.15123469196242598	-0.9860515021459229
-0.04685484183592538	0.14584400307163567	-0.9881974248927039
0.12042722099463012	-0.06868288163530138	-0.990343347639485
-0.11929407444200782	-0.02709191708170601	-0.992489270386266
0.0589080245739659	0.08503338886566156	-0.9946351931330473
0.01085195604490878	-0.07943325547504423	-0.9967811158798283
-0.03561755256062811	0.029600024497682145	-0.9989270386266094
