1.0	9.825098327670226e-05
2.0	8.299156180591706e-05
3.0	0.000645675804247409
4.0	0.0004077544193245999
5.0	0.0019996677890065945
6.0	0.0014475481338280035
7.0	0.005214392095050336
8.0	0.005110766264343368
9.0	0.012612549324843266
10.0	0.021886984420204456
11.0	0.025103839534804023
12.0	0.13631133270708032
13.0	0.0879578197485716
14.0	0.41220690505309737
15.0	2.4309481346334443
16.0	3.8383522535820473
17.0	2.721619891055013
18.0	0.5799799074618793
19.0	0.5534732969220943
20.0	0.7947250740117469
21.0	1.090422492380652
22.0	1.8683438820749583
23.0	1.0785297534395177
24.0	0.6515025267234082
25.0	0.6403355704344557
26.0	0.24098001777206696
27.0	0.3535527708304946
28.0	0.2396868091429376
29.0	0.3550679314626778
30.0	0.6084646825437169
31.0	0.9486336267124044
32.0	1.952372483582595
33.0	1.5130226404412181
34.0	1.1214187030441252
35.0	1.8518139732921026
36.0	2.2861298513574013
37.0	1.6418961889996189
38.0	0.552573682199954
39.0	0.6588009554780486
40.0	0.6772797507213997
41.0	0.4922789855557149
42.0	0.3740981121240479
43.0	0.4884606595793999
44.0	0.7752671797949064
45.0	0.8076016750592571
46.0	0.510951334604367
47.0	1.0449256703392789
48.0	1.6230275449904215
49.0	1.3908809241896223
50.0	1.2855034146192008
51.0	1.2082347325168654
52.0	1.6646431780474211
53.0	1.3682696542189388
54.0	0.7589535667815911
55.0	0.9443258678866057
56.0	0.7465453197160257
57.0	1.0618095347157017
58.0	0.8617364075762163
59.0	0.53169752617481
60.0	0.6562091374130447
61.0	0.876682261471398
62.0	0.7581391429433829
63.0	0.6212205670752471
64.0	1.157247698354241
65.0	1.3397574747296537
66.0	1.2565847027231978
67.0	1.1479967098179997
68.0	1.4615036309687723
69.0	1.3188473378878718
70.0	0.8893642067684455
71.0	0.9393260055734604
72.0	1.4872284140969967
73.0	0.8114861896133092
74.0	0.7814951474946019
75.0	0.5189166690439655
76.0	0.8013341516396237
77.0	0.9832649965760697
78.0	0.7058408318231473
79.0	0.6780202116587478
80.0	1.124422168654986
81.0	1.0586520556355472
82.0	1.1596072862704982
83.0	1.237204788277313
84.0	1.4934435001925388
85.0	1.072162716916129
86.0	0.8876697926046235
87.0	1.0840782553532922
88.0	1.2285098617063899
89.0	1.2167954652837574
90.0	0.7417140126390355
91.0	0.665926319700521
92.0	0.7243111568061368
93.0	0.9208542885562006
94.0	0.905220245942566
95.0	0.7341609145792074
96.0	0.8915511129243309
97.0	1.1866881012264365
98.0	1.215189168287539
99.0	1.2663702421289775
100.0	0.9974408366119953
