0.0 0.0
0.005 0.0024462408453135333
0.01 0.01736083865331816
0.015000000000000001 0.03980406935084352
0.02 0.07575041974571273
0.025 0.1215477434581675
0.030000000000000002 0.1834556472879196
0.035 0.2547779882033512
0.04 0.3402084662148984
0.045 0.4344048407685533
0.05 0.5455395893715785
0.05500000000000001 0.6692952586509399
0.060000000000000005 0.8080356074829523
0.065 0.9560906875047295
0.07 1.1195308567279012
0.07500000000000001 1.2905447844584599
0.08 1.471639607142579
0.08500000000000002 1.6626901191789736
0.09 1.8668613655125224
0.09500000000000001 2.0808273921022367
0.1 2.3116351115198714
0.10500000000000001 2.5511934523545916
0.11000000000000001 2.8094707857295833
0.115 3.0841607909559747
0.12000000000000001 3.3764101964189894
0.12500000000000003 3.679330187205405
0.13 3.995197834659467
0.135 4.317646452571344
0.14 4.649145953833952
0.14500000000000002 4.975074273650992
0.15000000000000002 5.2991155661811264
0.155 5.6192647541424225
0.16 5.945438387841379
0.165 6.2732363806607925
0.17000000000000004 6.603927868107824
0.175 6.929017523759644
0.18 7.253611766439485
0.18500000000000003 7.569611001118506
0.19000000000000003 7.879602748203356
0.19500000000000003 8.184266464784521
0.2 8.489567172003142
0.20500000000000002 8.790040451196807
0.21000000000000002 9.089904950006943
0.21500000000000002 9.374291521503416
0.22000000000000003 9.642198424910108
0.22500000000000003 9.893704111577936
0.23 10.12692568829567
0.23500000000000001 10.351915731035826
0.24000000000000002 10.554170635971857
0.24500000000000002 10.734561769091124
0.25000000000000006 10.896149333651874
0.255 11.038669938457238
0.26 11.165506935929768
0.265 11.2710207776483
0.27 11.3591399929542
0.275 11.445983760221448
0.28 11.530591356427735
0.28500000000000003 11.63131881971794
0.29000000000000004 11.760156778592542
0.29500000000000004 11.911538370861969
0.30000000000000004 12.08501973081915
0.30500000000000005 12.26272198571568
0.31 12.437618053088908
0.315 12.614366726200775
0.32 12.774270345493148
0.325 12.911282443845913
0.33 13.01776307175424
0.335 13.092075640349272
0.3400000000000001 13.147813869969562
0.34500000000000003 13.213454027447186
0.35 13.272864646918189
0.35500000000000004 13.347813671358132
0.36 13.422415687364854
0.36500000000000005 13.506186930421126
0.37000000000000005 13.600062170406146
0.375 13.706783387486123
0.38000000000000006 13.815590893282593
0.385 13.913370055922357
0.39000000000000007 13.98227355650537
0.395 14.035013283678271
0.4 14.07314006512416
0.405 14.110654400607972
0.41000000000000003 14.138178577112528
0.41500000000000004 14.150191791314425
0.42000000000000004 14.150086039223945
0.42500000000000004 14.144056448744752
0.43000000000000005 14.120081428951757
0.435 14.095517321459571
0.44000000000000006 14.094054415691625
0.445 14.106559363432744
0.45000000000000007 14.119303642949504
0.455 14.174122205294248
0.46 14.260234535056842
0.4650000000000001 14.35497468689851
0.47000000000000003 14.447277170247478
0.4750000000000001 14.541431286473676
0.48000000000000004 14.630023203436561
0.485 14.703771680778377
0.49000000000000005 14.754248471193115
0.49500000000000005 14.788485017304493
0.5 14.80022636574484
