1.0	0.5072802132827582
2.0	1.1192929705428838
3.0	0.7857175212557989
4.0	0.6840278870305272
5.0	1.1492514045656204
6.0	1.2808822337390702
7.0	1.642050307021256
8.0	1.7469289303267577
9.0	0.6164224651753473
10.0	0.5710206716863142
11.0	1.1469833762183796
12.0	0.8397763983150467
13.0	0.7571560784296849
14.0	1.0960958521011643
15.0	0.8044472664929638
16.0	0.9705390231627526
17.0	1.2283293642024748
18.0	0.915719241755497
19.0	0.8677715038205795
20.0	1.2022282736635048
21.0	1.5026721928261377
22.0	1.0428570767371679
23.0	0.9504830142141895
24.0	1.2671579282619991
25.0	0.6407370637229389
26.0	0.6794688336268789
27.0	1.295396835239093
28.0	1.2531784977020766
29.0	0.8896474410498664
30.0	0.5407702501391786
31.0	1.0435445478687813
32.0	0.9066542574932485
33.0	0.7916872924629856
34.0	1.091375275501088
35.0	0.7492365362341474
36.0	0.8086369860131816
37.0	1.1349747218819666
38.0	0.958134881890503
39.0	0.8172128043820829
40.0	0.9809550623677039
41.0	1.073801491383221
42.0	0.9051497531871833
43.0	1.0382730206311788
44.0	0.988923871805449
45.0	0.8940353705683077
46.0	1.02311678300443
47.0	1.0569614877495586
48.0	1.1013868624868817
49.0	1.0607090251251465
50.0	0.9401560202504848
51.0	1.1321927533999425
52.0	1.1369529024228469
53.0	1.0816803581410377
54.0	1.235733552649477
55.0	1.1222723408428603
56.0	1.067139023268202
57.0	1.0614400673956825
58.0	1.0080845797383526
59.0	0.8770353089388939
60.0	0.9726071383047545
61.0	0.8378868099963179
62.0	0.8181106738160049
63.0	0.9852863577196292
64.0	1.4014172586826315
65.0	1.0688764678762597
66.0	0.8739696430255671
67.0	0.7812207978979602
68.0	1.182205994029592
69.0	0.9400465593822696
70.0	0.8818463270710796
71.0	0.863310880717078
72.0	0.9306689039898193
73.0	1.073226076598638
74.0	1.1304628871989533
75.0	1.0086158759814117
76.0	1.0418994523699925
77.0	0.843310825349653
78.0	0.8217642712096394
79.0	0.9200332261933589
80.0	0.820501580343144
81.0	1.1163124922095737
82.0	1.1262741778889118
83.0	0.960386158492088
84.0	0.9624884589923344
85.0	0.9217948220911495
86.0	1.0704753851449835
87.0	0.9657940549506653
88.0	0.9766108534964355
89.0	1.1134712486758627
90.0	1.078838689778651
91.0	0.897186877725446
92.0	0.9693506433753828
93.0	1.036300394107344
94.0	0.9639002026209766
95.0	0.8200611794160506
96.0	0.9851212191625881
97.0	1.0482219247189477
98.0	0.9523493286193049
99.0	1.1079101313465012
100.0	0.915812954694964
