0.0	0.0
0.005	0.0041823599999999996
0.01	0.02345244
0.015000000000000001	0.04604791
0.02	0.08444444
0.025	0.14170359
0.030000000000000002	0.19050431
0.035	0.24572975
0.04	0.32560775
0.045	0.41513584
0.05	0.5265297499999999
0.05500000000000001	0.6115759999999999
0.060000000000000005	0.70849424
0.065	0.8666383099999998
0.07	0.9804265600000002
0.07500000000000001	1.1324475099999998
0.08	1.27672479
0.08500000000000002	1.4449999999999998
0.09	1.5924767599999998
0.09500000000000001	1.7506177499999995
0.1	1.9411409600000002
0.10500000000000001	2.145872709999999
0.11000000000000001	2.364833560000001
0.115	2.593910310000001
0.12000000000000001	2.8712831900000015
0.12500000000000003	3.0724985599999997
0.13	3.2830387100000014
0.135	3.516687039999999
0.14	3.87017376
0.14500000000000002	4.147641440000001
0.15000000000000002	4.433745510000005
0.155	4.681999999999995
0.16	5.017953989999995
0.165	5.34319056
0.17000000000000004	5.504742710000002
0.175	5.836119590000003
0.18	6.085329590000001
0.18500000000000003	6.401724439999995
0.19000000000000003	6.590975
0.19500000000000003	6.963326040000005
0.2	7.23626204
0.20500000000000002	7.53307679000001
0.21000000000000002	8.021860710000013
0.21500000000000002	8.12911935999999
0.22000000000000003	8.45357584
0.22500000000000003	8.796759189999989
0.23	9.176286559999994
0.23500000000000001	9.67163099999999
0.24000000000000002	10.180174999999991
0.24500000000000002	10.48472750999997
0.25000000000000006	10.794716309999956
0.255	11.442823910000016
0.26	11.847055589999997
0.265	12.18635974999998
0.27	12.790532389999981
0.275	13.565035910000006
0.28	13.965818839999997
0.28500000000000003	14.702090389999995
0.29000000000000004	14.856068709999988
0.29500000000000004	15.707302560000016
0.30000000000000004	16.04782775000001
0.30500000000000005	16.386523840000052
0.31	17.160591000000068
0.315	17.937751640000045
0.32	18.89810396000007
0.325	19.415374999999983
0.33	19.775303190000045
0.335	20.330606310000064
0.3400000000000001	20.662599
0.34500000000000003	21.773872309999888
0.35	22.76882478999994
0.35500000000000004	22.96334119000005
0.36	23.623982390000037
0.36500000000000005	23.9941077499999
0.37000000000000005	24.92069078999998
0.375	25.127747839999984
0.38000000000000006	26.203784959999894
0.385	26.296911190000174
0.39000000000000007	26.708234389999916
0.395	27.201159000000075
0.4	27.814167639999937
0.405	27.614242390000072
0.41000000000000003	27.919001559999856
0.41500000000000004	28.521679000000063
0.42000000000000004	28.939612959999977
0.42500000000000004	29.14206559000013
0.43000000000000005	29.83891590999974
0.435	29.93214223999985
0.44000000000000006	29.871555359999775
0.445	30.32214398999986
0.45000000000000007	29.870237589999988
0.455	30.446757749999733
0.46	30.28717755999969
0.4650000000000001	30.435471000000234
0.47000000000000003	30.41947424
0.4750000000000001	31.16260774999978
0.48000000000000004	30.535877109999774
0.485	31.28901563999989
0.49000000000000005	30.41051324
0.49500000000000005	30.982350360000055
0.5	30.919160960000227
